{
  "asset": {
    "version": "2.0",
    "generator": "THREE.GLTFExporter"
  },
  "scenes": [
    {
      "nodes": [
        0
      ]
    }
  ],
  "scene": 0,
  "nodes": [
    {
      "children": [
        56
      ],
      "matrix": [
        0.01,
        0,
        0,
        0,
        0,
        0.01,
        0,
        0,
        0,
        0,
        0.01,
        0,
        0,
        0,
        0,
        1
      ]
    },
    {
      "matrix": [
        3.579399896552299e-16,
        -1.6653345369377348e-16,
        1,
        0,
        0.9999999999999999,
        2.1871208377741527e-17,
        -1.3589538473019852e-16,
        0,
        3.36399428535163e-17,
        1,
        2.220446049250313e-16,
        0,
        -17.25788305726274,
        3.224927464802994e-14,
        -0.24916650328412965,
        1
      ],
      "name": "Path",
      "mesh": 0
    },
    {
      "matrix": [
        0.03084465256347202,
        1.0785207688568521e-32,
        -0.9995241905067824,
        0,
        -1.6716177827430704e-17,
        1,
        -5.158501436717409e-19,
        0,
        0.9995241905067824,
        1.672413532978647e-17,
        0.03084465256347202,
        0,
        -21.970180027340437,
        6.903433873535526e-15,
        149.67822077477206,
        1
      ],
      "name": "Cube",
      "mesh": 1
    },
    {
      "matrix": [
        1,
        0,
        0,
        0,
        0,
        1,
        0,
        0,
        0,
        0,
        1,
        0,
        3,
        20,
        0,
        1
      ],
      "name": "Group",
      "children": [
        1,
        2
      ]
    },
    {
      "matrix": [
        0.5883484054145521,
        0.39223227027636803,
        -0.7071067811865475,
        0,
        -0.554700196225229,
        0.8320502943378437,
        0,
        0,
        0.588348405414552,
        0.392232270276368,
        0.7071067811865476,
        0,
        0,
        0,
        0,
        1
      ],
      "name": "Directional Light",
      "extensions": {
        "KHR_lights_punctual": {
          "light": 0
        }
      }
    },
    {
      "matrix": [
        1,
        0,
        0,
        0,
        0,
        1,
        -6.123233995736766e-17,
        0,
        0,
        6.123233995736766e-17,
        1,
        0,
        0,
        6.123233995736766e-14,
        1000,
        1
      ],
      "camera": 0
    },
    {
      "matrix": [
        1,
        0,
        0,
        0,
        0,
        1,
        0,
        0,
        0,
        0,
        1,
        0,
        0,
        1,
        0,
        1
      ],
      "name": "Default Ambient Light"
    },
    {
      "matrix": [
        3.579399896552299e-16,
        -1.6653345369377348e-16,
        1,
        0,
        0.9999999999999999,
        2.1871208377741527e-17,
        -1.3589538473019852e-16,
        0,
        3.36399428535163e-17,
        1,
        2.220446049250313e-16,
        0,
        -17.25788305726274,
        3.224927464802994e-14,
        -0.24916650328412965,
        1
      ],
      "mesh": 0
    },
    {
      "matrix": [
        0.03084465256347202,
        1.0785207688568521e-32,
        -0.9995241905067824,
        0,
        -1.6716177827430704e-17,
        1,
        -5.158501436717409e-19,
        0,
        0.9995241905067824,
        1.672413532978647e-17,
        0.03084465256347202,
        0,
        -21.970180027340437,
        6.903433873535526e-15,
        149.67822077477206,
        1
      ],
      "mesh": 1
    },
    {
      "children": [
        7,
        8
      ]
    },
    {
      "matrix": [
        3.579399896552299e-16,
        -1.6653345369377348e-16,
        1,
        0,
        0.9999999999999999,
        2.1871208377741527e-17,
        -1.3589538473019852e-16,
        0,
        3.36399428535163e-17,
        1,
        2.220446049250313e-16,
        0,
        -17.25788305726274,
        3.224927464802994e-14,
        -0.24916650328412965,
        1
      ],
      "mesh": 0
    },
    {
      "matrix": [
        0.03084465256347202,
        1.0785207688568521e-32,
        -0.9995241905067824,
        0,
        -1.6716177827430704e-17,
        1,
        -5.158501436717409e-19,
        0,
        0.9995241905067824,
        1.672413532978647e-17,
        0.03084465256347202,
        0,
        -21.970180027340437,
        6.903433873535526e-15,
        149.67822077477206,
        1
      ],
      "mesh": 1
    },
    {
      "matrix": [
        -0.5953283452664697,
        -0.6772108336455335,
        0.43239987062372015,
        0,
        0.4820873885051912,
        0.1294665830949019,
        0.8665045606954278,
        0,
        -0.642787609686538,
        0.7243092507036295,
        0.24939967557840614,
        0,
        0,
        -1,
        0,
        1
      ],
      "children": [
        10,
        11
      ]
    },
    {
      "matrix": [
        3.579399896552299e-16,
        -1.6653345369377348e-16,
        1,
        0,
        0.9999999999999999,
        2.1871208377741527e-17,
        -1.3589538473019852e-16,
        0,
        3.36399428535163e-17,
        1,
        2.220446049250313e-16,
        0,
        -17.25788305726274,
        3.224927464802994e-14,
        -0.24916650328412965,
        1
      ],
      "mesh": 0
    },
    {
      "matrix": [
        0.03084465256347202,
        1.0785207688568521e-32,
        -0.9995241905067824,
        0,
        -1.6716177827430704e-17,
        1,
        -5.158501436717409e-19,
        0,
        0.9995241905067824,
        1.672413532978647e-17,
        0.03084465256347202,
        0,
        -21.970180027340437,
        6.903433873535526e-15,
        149.67822077477206,
        1
      ],
      "mesh": 1
    },
    {
      "matrix": [
        0.03610348622615489,
        -0.8968493897914253,
        -0.4408601936136512,
        0,
        -0.1698535483567093,
        0.4292222572301616,
        -0.8870840016643745,
        0,
        0.9848077530122075,
        0.1069084932500367,
        -0.13683663134575497,
        0,
        0,
        -2,
        0,
        1
      ],
      "children": [
        13,
        14
      ]
    },
    {
      "matrix": [
        3.579399896552299e-16,
        -1.6653345369377348e-16,
        1,
        0,
        0.9999999999999999,
        2.1871208377741527e-17,
        -1.3589538473019852e-16,
        0,
        3.36399428535163e-17,
        1,
        2.220446049250313e-16,
        0,
        -17.25788305726274,
        3.224927464802994e-14,
        -0.24916650328412965,
        1
      ],
      "mesh": 0
    },
    {
      "matrix": [
        0.03084465256347202,
        1.0785207688568521e-32,
        -0.9995241905067824,
        0,
        -1.6716177827430704e-17,
        1,
        -5.158501436717409e-19,
        0,
        0.9995241905067824,
        1.672413532978647e-17,
        0.03084465256347202,
        0,
        -21.970180027340437,
        6.903433873535526e-15,
        149.67822077477206,
        1
      ],
      "mesh": 1
    },
    {
      "matrix": [
        -0.22699524986976982,
        0.5331266856258582,
        -0.8150147812218794,
        0,
        -0.44550326209417673,
        -0.8010106225625628,
        -0.39988601626636366,
        0,
        -0.8660254037844431,
        0.27231951750750905,
        0.4193352839727055,
        0,
        0,
        -3,
        0,
        1
      ],
      "children": [
        16,
        17
      ]
    },
    {
      "matrix": [
        3.579399896552299e-16,
        -1.6653345369377348e-16,
        1,
        0,
        0.9999999999999999,
        2.1871208377741527e-17,
        -1.3589538473019852e-16,
        0,
        3.36399428535163e-17,
        1,
        2.220446049250313e-16,
        0,
        -17.25788305726274,
        3.224927464802994e-14,
        -0.24916650328412965,
        1
      ],
      "mesh": 0
    },
    {
      "matrix": [
        0.03084465256347202,
        1.0785207688568521e-32,
        -0.9995241905067824,
        0,
        -1.6716177827430704e-17,
        1,
        -5.158501436717409e-19,
        0,
        0.9995241905067824,
        1.672413532978647e-17,
        0.03084465256347202,
        0,
        -21.970180027340437,
        6.903433873535526e-15,
        149.67822077477206,
        1
      ],
      "mesh": 1
    },
    {
      "matrix": [
        0.8584519252992353,
        -0.2047713201593653,
        0.4702435522048408,
        0,
        0.38220742210156033,
        -0.35598654915179617,
        -0.8527549843381009,
        0,
        0.3420201433256759,
        0.9117797339616546,
        -0.22733222010154575,
        0,
        0,
        -4,
        0,
        1
      ],
      "children": [
        19,
        20
      ]
    },
    {
      "matrix": [
        3.579399896552299e-16,
        -1.6653345369377348e-16,
        1,
        0,
        0.9999999999999999,
        2.1871208377741527e-17,
        -1.3589538473019852e-16,
        0,
        3.36399428535163e-17,
        1,
        2.220446049250313e-16,
        0,
        -17.25788305726274,
        3.224927464802994e-14,
        -0.24916650328412965,
        1
      ],
      "mesh": 0
    },
    {
      "matrix": [
        0.03084465256347202,
        1.0785207688568521e-32,
        -0.9995241905067824,
        0,
        -1.6716177827430704e-17,
        1,
        -5.158501436717409e-19,
        0,
        0.9995241905067824,
        1.672413532978647e-17,
        0.03084465256347202,
        0,
        -21.970180027340437,
        6.903433873535526e-15,
        149.67822077477206,
        1
      ],
      "mesh": 1
    },
    {
      "matrix": [
        -0.9076733711903759,
        0.28662746240961057,
        -0.30655138072519955,
        0,
        0.2432103468016954,
        0.9545350449039611,
        0.17237045935656156,
        0,
        0.34202014332564973,
        0.08189960831908952,
        -0.9361168066628665,
        0,
        0,
        -5,
        0,
        1
      ],
      "children": [
        22,
        23
      ]
    },
    {
      "matrix": [
        3.579399896552299e-16,
        -1.6653345369377348e-16,
        1,
        0,
        0.9999999999999999,
        2.1871208377741527e-17,
        -1.3589538473019852e-16,
        0,
        3.36399428535163e-17,
        1,
        2.220446049250313e-16,
        0,
        -17.25788305726274,
        3.224927464802994e-14,
        -0.24916650328412965,
        1
      ],
      "mesh": 0
    },
    {
      "matrix": [
        0.03084465256347202,
        1.0785207688568521e-32,
        -0.9995241905067824,
        0,
        -1.6716177827430704e-17,
        1,
        -5.158501436717409e-19,
        0,
        0.9995241905067824,
        1.672413532978647e-17,
        0.03084465256347202,
        0,
        -21.970180027340437,
        6.903433873535526e-15,
        149.67822077477206,
        1
      ],
      "mesh": 1
    },
    {
      "matrix": [
        0.29389262614624634,
        -0.7940852594793124,
        0.5320298158698773,
        0,
        -0.4045084971874866,
        0.4009828860223368,
        0.8219401443051182,
        0,
        -0.866025403784429,
        -0.456772728821315,
        -0.2033683215379063,
        0,
        0,
        -6,
        0,
        1
      ],
      "children": [
        25,
        26
      ]
    },
    {
      "matrix": [
        3.579399896552299e-16,
        -1.6653345369377348e-16,
        1,
        0,
        0.9999999999999999,
        2.1871208377741527e-17,
        -1.3589538473019852e-16,
        0,
        3.36399428535163e-17,
        1,
        2.220446049250313e-16,
        0,
        -17.25788305726274,
        3.224927464802994e-14,
        -0.24916650328412965,
        1
      ],
      "mesh": 0
    },
    {
      "matrix": [
        0.03084465256347202,
        1.0785207688568521e-32,
        -0.9995241905067824,
        0,
        -1.6716177827430704e-17,
        1,
        -5.158501436717409e-19,
        0,
        0.9995241905067824,
        1.672413532978647e-17,
        0.03084465256347202,
        0,
        -21.970180027340437,
        6.903433873535526e-15,
        149.67822077477206,
        1
      ],
      "mesh": 1
    },
    {
      "matrix": [
        -0.009088043428042258,
        -0.6952006278826679,
        -0.7187583004447283,
        0,
        -0.17341019887448955,
        0.7089929123176799,
        -0.683562691499181,
        0,
        0.9848077530122109,
        0.11842777239667646,
        -0.12699823751612072,
        0,
        0,
        -7,
        0,
        1
      ],
      "children": [
        28,
        29
      ]
    },
    {
      "matrix": [
        3.579399896552299e-16,
        -1.6653345369377348e-16,
        1,
        0,
        0.9999999999999999,
        2.1871208377741527e-17,
        -1.3589538473019852e-16,
        0,
        3.36399428535163e-17,
        1,
        2.220446049250313e-16,
        0,
        -17.25788305726274,
        3.224927464802994e-14,
        -0.24916650328412965,
        1
      ],
      "mesh": 0
    },
    {
      "matrix": [
        0.03084465256347202,
        1.0785207688568521e-32,
        -0.9995241905067824,
        0,
        -1.6716177827430704e-17,
        1,
        -5.158501436717409e-19,
        0,
        0.9995241905067824,
        1.672413532978647e-17,
        0.03084465256347202,
        0,
        -21.970180027340437,
        6.903433873535526e-15,
        149.67822077477206,
        1
      ],
      "mesh": 1
    },
    {
      "matrix": [
        0.5125837827220288,
        0.4542340547063,
        -0.7286489478723278,
        0,
        0.5692819639895736,
        -0.8150664464686455,
        -0.10763239901232721,
        0,
        -0.6427876096865511,
        -0.3596360818745097,
        -0.6763770970748499,
        0,
        0,
        -8,
        0,
        1
      ],
      "children": [
        31,
        32
      ]
    },
    {
      "matrix": [
        3.579399896552299e-16,
        -1.6653345369377348e-16,
        1,
        0,
        0.9999999999999999,
        2.1871208377741527e-17,
        -1.3589538473019852e-16,
        0,
        3.36399428535163e-17,
        1,
        2.220446049250313e-16,
        0,
        -17.25788305726274,
        3.224927464802994e-14,
        -0.24916650328412965,
        1
      ],
      "mesh": 0
    },
    {
      "matrix": [
        0.03084465256347202,
        1.0785207688568521e-32,
        -0.9995241905067824,
        0,
        -1.6716177827430704e-17,
        1,
        -5.158501436717409e-19,
        0,
        0.9995241905067824,
        1.672413532978647e-17,
        0.03084465256347202,
        0,
        -21.970180027340437,
        6.903433873535526e-15,
        149.67822077477206,
        1
      ],
      "mesh": 1
    },
    {
      "matrix": [
        -0.9876883405951378,
        0.024471741852382087,
        0.15450849718748047,
        0,
        -0.15643446504023112,
        -0.15450849718747994,
        -0.9755282581475758,
        0,
        4.213296378452469e-14,
        -0.9876883405951379,
        0.1564344650402305,
        0,
        0,
        -9,
        0,
        1
      ],
      "children": [
        34,
        35
      ]
    },
    {
      "matrix": [
        3.579399896552299e-16,
        -1.6653345369377348e-16,
        1,
        0,
        0.9999999999999999,
        2.1871208377741527e-17,
        -1.3589538473019852e-16,
        0,
        3.36399428535163e-17,
        1,
        2.220446049250313e-16,
        0,
        -17.25788305726274,
        3.224927464802994e-14,
        -0.24916650328412965,
        1
      ],
      "mesh": 0
    },
    {
      "matrix": [
        0.03084465256347202,
        1.0785207688568521e-32,
        -0.9995241905067824,
        0,
        -1.6716177827430704e-17,
        1,
        -5.158501436717409e-19,
        0,
        0.9995241905067824,
        1.672413532978647e-17,
        0.03084465256347202,
        0,
        -21.970180027340437,
        6.903433873535526e-15,
        149.67822077477206,
        1
      ],
      "mesh": 1
    },
    {
      "matrix": [
        0.6634139481689613,
        0.5890686768928886,
        -0.4613892361970882,
        0,
        -0.3830222215595015,
        0.797059083427972,
        0.46689484396016345,
        0,
        0.6427876096865084,
        -0.13302222155949286,
        0.7544065067355148,
        0,
        0,
        -10,
        0,
        1
      ],
      "children": [
        37,
        38
      ]
    },
    {
      "matrix": [
        3.579399896552299e-16,
        -1.6653345369377348e-16,
        1,
        0,
        0.9999999999999999,
        2.1871208377741527e-17,
        -1.3589538473019852e-16,
        0,
        3.36399428535163e-17,
        1,
        2.220446049250313e-16,
        0,
        -17.25788305726274,
        3.224927464802994e-14,
        -0.24916650328412965,
        1
      ],
      "mesh": 0
    },
    {
      "matrix": [
        0.03084465256347202,
        1.0785207688568521e-32,
        -0.9995241905067824,
        0,
        -1.6716177827430704e-17,
        1,
        -5.158501436717409e-19,
        0,
        0.9995241905067824,
        1.672413532978647e-17,
        0.03084465256347202,
        0,
        -21.970180027340437,
        6.903433873535526e-15,
        149.67822077477206,
        1
      ],
      "mesh": 1
    },
    {
      "matrix": [
        -0.06222994137278981,
        -0.7612826509891517,
        0.6454271141652396,
        0,
        0.1621145397667903,
        0.630382717080787,
        0.7591682988653086,
        0,
        -0.9848077530122016,
        0.15187611829637399,
        0.0841863070711909,
        0,
        0,
        -11,
        0,
        1
      ],
      "children": [
        40,
        41
      ]
    },
    {
      "matrix": [
        3.579399896552299e-16,
        -1.6653345369377348e-16,
        1,
        0,
        0.9999999999999999,
        2.1871208377741527e-17,
        -1.3589538473019852e-16,
        0,
        3.36399428535163e-17,
        1,
        2.220446049250313e-16,
        0,
        -17.25788305726274,
        3.224927464802994e-14,
        -0.24916650328412965,
        1
      ],
      "mesh": 0
    },
    {
      "matrix": [
        0.03084465256347202,
        1.0785207688568521e-32,
        -0.9995241905067824,
        0,
        -1.6716177827430704e-17,
        1,
        -5.158501436717409e-19,
        0,
        0.9995241905067824,
        1.672413532978647e-17,
        0.03084465256347202,
        0,
        -21.970180027340437,
        6.903433873535526e-15,
        149.67822077477206,
        1
      ],
      "mesh": 1
    },
    {
      "matrix": [
        0.1545084971874635,
        -0.43750315620693886,
        -0.8858431647903814,
        0,
        0.47552825814754635,
        0.8188558666826098,
        -0.32147775242251625,
        0,
        0.8660254037844574,
        -0.3715724127386733,
        0.33456530317940747,
        0,
        0,
        -12,
        0,
        1
      ],
      "children": [
        43,
        44
      ]
    },
    {
      "matrix": [
        3.579399896552299e-16,
        -1.6653345369377348e-16,
        1,
        0,
        0.9999999999999999,
        2.1871208377741527e-17,
        -1.3589538473019852e-16,
        0,
        3.36399428535163e-17,
        1,
        2.220446049250313e-16,
        0,
        -17.25788305726274,
        3.224927464802994e-14,
        -0.24916650328412965,
        1
      ],
      "mesh": 0
    },
    {
      "matrix": [
        0.03084465256347202,
        1.0785207688568521e-32,
        -0.9995241905067824,
        0,
        -1.6716177827430704e-17,
        1,
        -5.158501436717409e-19,
        0,
        0.9995241905067824,
        1.672413532978647e-17,
        0.03084465256347202,
        0,
        -21.970180027340437,
        6.903433873535526e-15,
        149.67822077477206,
        1
      ],
      "mesh": 1
    },
    {
      "matrix": [
        -0.7880925439686315,
        0.3892646877240971,
        -0.4768470876833702,
        0,
        -0.5117932821955723,
        -0.8447847541623361,
        0.15622533544327738,
        0,
        -0.34202014332570213,
        0.3671671581527172,
        0.8649916181868607,
        0,
        0,
        -13,
        0,
        1
      ],
      "children": [
        46,
        47
      ]
    },
    {
      "matrix": [
        3.579399896552299e-16,
        -1.6653345369377348e-16,
        1,
        0,
        0.9999999999999999,
        2.1871208377741527e-17,
        -1.3589538473019852e-16,
        0,
        3.36399428535163e-17,
        1,
        2.220446049250313e-16,
        0,
        -17.25788305726274,
        3.224927464802994e-14,
        -0.24916650328412965,
        1
      ],
      "mesh": 0
    },
    {
      "matrix": [
        0.03084465256347202,
        1.0785207688568521e-32,
        -0.9995241905067824,
        0,
        -1.6716177827430704e-17,
        1,
        -5.158501436717409e-19,
        0,
        0.9995241905067824,
        1.672413532978647e-17,
        0.03084465256347202,
        0,
        -21.970180027340437,
        6.903433873535526e-15,
        149.67822077477206,
        1
      ],
      "mesh": 1
    },
    {
      "matrix": [
        0.9345448862875935,
        0.3320264043609719,
        -0.12800125905956333,
        0,
        -0.09822462559470467,
        -0.10503809322124646,
        -0.98960543748467,
        0,
        -0.34202014332563685,
        0.9374035767904715,
        -0.06554964362940296,
        0,
        0,
        -14,
        0,
        1
      ],
      "children": [
        49,
        50
      ]
    },
    {
      "matrix": [
        3.579399896552299e-16,
        -1.6653345369377348e-16,
        1,
        0,
        0.9999999999999999,
        2.1871208377741527e-17,
        -1.3589538473019852e-16,
        0,
        3.36399428535163e-17,
        1,
        2.220446049250313e-16,
        0,
        -17.25788305726274,
        3.224927464802994e-14,
        -0.24916650328412965,
        1
      ],
      "mesh": 0
    },
    {
      "matrix": [
        0.03084465256347202,
        1.0785207688568521e-32,
        -0.9995241905067824,
        0,
        -1.6716177827430704e-17,
        1,
        -5.158501436717409e-19,
        0,
        0.9995241905067824,
        1.672413532978647e-17,
        0.03084465256347202,
        0,
        -21.970180027340437,
        6.903433873535526e-15,
        149.67822077477206,
        1
      ],
      "mesh": 1
    },
    {
      "matrix": [
        -0.3535533905932937,
        0.841506350946106,
        -0.40849364905387986,
        0,
        0.35355339059329305,
        0.5245190528383329,
        0.7745190528383175,
        0,
        0.8660254037844223,
        0.1294095225512678,
        -0.48296291314456097,
        0,
        0,
        -15,
        0,
        1
      ],
      "children": [
        52,
        53
      ]
    },
    {
      "matrix": [
        1,
        0,
        0,
        0,
        0,
        1,
        0,
        0,
        0,
        0,
        1,
        0,
        3,
        20,
        0,
        1
      ],
      "children": [
        9,
        12,
        15,
        18,
        21,
        24,
        27,
        30,
        33,
        36,
        39,
        42,
        45,
        48,
        51,
        54
      ]
    },
    {
      "name": "Scene 1",
      "children": [
        3,
        4,
        5,
        6,
        55
      ]
    }
  ],
  "bufferViews": [
    {
      "buffer": 0,
      "byteOffset": 0,
      "byteLength": 6048,
      "target": 34962,
      "byteStride": 12
    },
    {
      "buffer": 0,
      "byteOffset": 6048,
      "byteLength": 6048,
      "target": 34962,
      "byteStride": 12
    },
    {
      "buffer": 0,
      "byteOffset": 12096,
      "byteLength": 4032,
      "target": 34962,
      "byteStride": 8
    },
    {
      "buffer": 0,
      "byteOffset": 16128,
      "byteLength": 2952,
      "target": 34963
    },
    {
      "buffer": 0,
      "byteOffset": 19080,
      "byteLength": 7200,
      "target": 34962,
      "byteStride": 12
    },
    {
      "buffer": 0,
      "byteOffset": 26280,
      "byteLength": 7200,
      "target": 34962,
      "byteStride": 12
    },
    {
      "buffer": 0,
      "byteOffset": 33480,
      "byteLength": 4800,
      "target": 34962,
      "byteStride": 8
    },
    {
      "buffer": 0,
      "byteOffset": 38280,
      "byteLength": 4296,
      "target": 34963
    }
  ],
  "buffers": [
    {
      "byteLength": 42576,
