{
  "asset": {
    "version": "2.0",
    "generator": "THREE.GLTFExporter"
  },
  "scenes": [
    {
      "nodes": [
        0
      ]
    }
  ],
  "scene": 0,
  "nodes": [
    {
      "children": [
        472
      ],
      "matrix": [
        0.01,
        0,
        0,
        0,
        0,
        0.01,
        0,
        0,
        0,
        0,
        0.01,
        0,
        0,
        0,
        0,
        1
      ]
    },
    {
      "matrix": [
        0.9999871231254114,
        -1.2308616353147766e-16,
        -0.00507479884955424,
        0,
        1.2246310295241053e-16,
        1,
        -1.2308616353147766e-16,
        0,
        0.00507479884955424,
        1.2246310295241053e-16,
        0.9999871231254114,
        0,
        -222.09129928309267,
        7.3385250703647955,
        -1.46543042253829e-14,
        1
      ],
      "name": "Text",
      "mesh": 0
    },
    {
      "matrix": [
        3.579399896552299e-16,
        -1.6653345369377348e-16,
        1,
        0,
        0.9999999999999999,
        2.1871208377741527e-17,
        -1.3589538473019852e-16,
        0,
        3.36399428535163e-17,
        1,
        2.220446049250313e-16,
        0,
        -17.25788305726274,
        3.224927464802994e-14,
        -0.24916650328412965,
        1
      ],
      "name": "Path",
      "mesh": 1
    },
    {
      "matrix": [
        0.14140487442497318,
        5.551115123125783e-17,
        -0.9899518480657821,
        0,
        0.9661135205776152,
        0.21813005166126143,
        0.1379998040555891,
        0,
        0.2159382477607501,
        -0.9759197101003009,
        0.030844652563473574,
        0,
        -21.970180027340454,
        3.174470073923311e-14,
        149.67822077477206,
        1
      ],
      "name": "Cube",
      "mesh": 2
    },
    {
      "matrix": [
        0.9999999999999999,
        1.1102230246251565e-16,
        0,
        0,
        -1.1102230246251565e-16,
        0.9999999999999999,
        0,
        0,
        0,
        0,
        1,
        0,
        283.73223649382,
        280.1499715529361,
        0,
        1
      ],
      "name": "Group 2",
      "children": [
        2,
        3
      ]
    },
    {
      "matrix": [
        0.9094961648038259,
        0.18255370046460742,
        -0.3734847689716549,
        0,
        -0.19679447441041187,
        0.9804447637891335,
        0,
        0,
        0.3661811860932533,
        0.07349973881007092,
        0.927636312002818,
        0,
        0,
        0,
        0,
        1
      ],
      "name": "Directional Light 2",
      "extensions": {
        "KHR_lights_punctual": {
          "light": 0
        }
      }
    },
    {
      "matrix": [
        3.579399896552299e-16,
        -1.6653345369377348e-16,
        1,
        0,
        0.9999999999999999,
        2.1871208377741527e-17,
        -1.3589538473019852e-16,
        0,
        3.36399428535163e-17,
        1,
        2.220446049250313e-16,
        0,
        -17.25788305726274,
        3.224927464802994e-14,
        -0.24916650328412965,
        1
      ],
      "name": "Path",
      "mesh": 3
    },
    {
      "matrix": [
        0.14140487442497318,
        5.551115123125783e-17,
        -0.9899518480657821,
        0,
        0.9661135205776152,
        0.21813005166126143,
        0.1379998040555891,
        0,
        0.2159382477607501,
        -0.9759197101003009,
        0.030844652563473574,
        0,
        -21.970180027340383,
        -3.782436048771897e-15,
        149.67822077477206,
        1
      ],
      "name": "Cube",
      "mesh": 4
    },
    {
      "matrix": [
        3.579399896552299e-16,
        -1.6653345369377348e-16,
        1,
        0,
        0.9999999999999999,
        2.1871208377741527e-17,
        -1.3589538473019852e-16,
        0,
        3.36399428535163e-17,
        1,
        2.220446049250313e-16,
        0,
        -17.25788305726274,
        3.224927464802994e-14,
        -0.24916650328412965,
        1
      ],
      "mesh": 1
    },
    {
      "matrix": [
        0.14140487442497318,
        5.551115123125783e-17,
        -0.9899518480657821,
        0,
        0.9661135205776152,
        0.21813005166126143,
        0.1379998040555891,
        0,
        0.2159382477607501,
        -0.9759197101003009,
        0.030844652563473574,
        0,
        -21.970180027340454,
        3.174470073923311e-14,
        149.67822077477206,
        1
      ],
      "mesh": 2
    },
    {
      "children": [
        8,
        9
      ]
    },
    {
      "matrix": [
        3.579399896552299e-16,
        -1.6653345369377348e-16,
        1,
        0,
        0.9999999999999999,
        2.1871208377741527e-17,
        -1.3589538473019852e-16,
        0,
        3.36399428535163e-17,
        1,
        2.220446049250313e-16,
        0,
        -17.25788305726274,
        3.224927464802994e-14,
        -0.24916650328412965,
        1
      ],
      "mesh": 1
    },
    {
      "matrix": [
        0.14140487442497318,
        5.551115123125783e-17,
        -0.9899518480657821,
        0,
        0.9661135205776152,
        0.21813005166126143,
        0.1379998040555891,
        0,
        0.2159382477607501,
        -0.9759197101003009,
        0.030844652563473574,
        0,
        -21.970180027340454,
        3.174470073923311e-14,
        149.67822077477206,
        1
      ],
      "mesh": 2
    },
    {
      "matrix": [
        -0.5953283452664697,
        -0.6772108336455335,
        0.43239987062372015,
        0,
        0.4820873885051912,
        0.1294665830949019,
        0.8665045606954278,
        0,
        -0.642787609686538,
        0.7243092507036295,
        0.24939967557840614,
        0,
        0,
        -1,
        0,
        1
      ],
      "children": [
        11,
        12
      ]
    },
    {
      "matrix": [
        3.579399896552299e-16,
        -1.6653345369377348e-16,
        1,
        0,
        0.9999999999999999,
        2.1871208377741527e-17,
        -1.3589538473019852e-16,
        0,
        3.36399428535163e-17,
        1,
        2.220446049250313e-16,
        0,
        -17.25788305726274,
        3.224927464802994e-14,
        -0.24916650328412965,
        1
      ],
      "mesh": 1
    },
    {
      "matrix": [
        0.14140487442497318,
        5.551115123125783e-17,
        -0.9899518480657821,
        0,
        0.9661135205776152,
        0.21813005166126143,
        0.1379998040555891,
        0,
        0.2159382477607501,
        -0.9759197101003009,
        0.030844652563473574,
        0,
        -21.970180027340454,
        3.174470073923311e-14,
        149.67822077477206,
        1
      ],
      "mesh": 2
    },
    {
      "matrix": [
        0.03610348622615489,
        -0.8968493897914253,
        -0.4408601936136512,
        0,
        -0.1698535483567093,
        0.4292222572301616,
        -0.8870840016643745,
        0,
        0.9848077530122075,
        0.1069084932500367,
        -0.13683663134575497,
        0,
        0,
        -2,
        0,
        1
      ],
      "children": [
        14,
        15
      ]
    },
    {
      "matrix": [
        3.579399896552299e-16,
        -1.6653345369377348e-16,
        1,
        0,
        0.9999999999999999,
        2.1871208377741527e-17,
        -1.3589538473019852e-16,
        0,
        3.36399428535163e-17,
        1,
        2.220446049250313e-16,
        0,
        -17.25788305726274,
        3.224927464802994e-14,
        -0.24916650328412965,
        1
      ],
      "mesh": 1
    },
    {
      "matrix": [
        0.14140487442497318,
        5.551115123125783e-17,
        -0.9899518480657821,
        0,
        0.9661135205776152,
        0.21813005166126143,
        0.1379998040555891,
        0,
        0.2159382477607501,
        -0.9759197101003009,
        0.030844652563473574,
        0,
        -21.970180027340454,
        3.174470073923311e-14,
        149.67822077477206,
        1
      ],
      "mesh": 2
    },
    {
      "matrix": [
        -0.22699524986976982,
        0.5331266856258582,
        -0.8150147812218794,
        0,
        -0.44550326209417673,
        -0.8010106225625628,
        -0.39988601626636366,
        0,
        -0.8660254037844431,
        0.27231951750750905,
        0.4193352839727055,
        0,
        0,
        -3,
        0,
        1
      ],
      "children": [
        17,
        18
      ]
    },
    {
      "matrix": [
        3.579399896552299e-16,
        -1.6653345369377348e-16,
        1,
        0,
        0.9999999999999999,
        2.1871208377741527e-17,
        -1.3589538473019852e-16,
        0,
        3.36399428535163e-17,
        1,
        2.220446049250313e-16,
        0,
        -17.25788305726274,
        3.224927464802994e-14,
        -0.24916650328412965,
        1
      ],
      "mesh": 1
    },
    {
      "matrix": [
        0.14140487442497318,
        5.551115123125783e-17,
        -0.9899518480657821,
        0,
        0.9661135205776152,
        0.21813005166126143,
        0.1379998040555891,
        0,
        0.2159382477607501,
        -0.9759197101003009,
        0.030844652563473574,
        0,
        -21.970180027340454,
        3.174470073923311e-14,
        149.67822077477206,
        1
      ],
      "mesh": 2
    },
    {
      "matrix": [
        0.8584519252992353,
        -0.2047713201593653,
        0.4702435522048408,
        0,
        0.38220742210156033,
        -0.35598654915179617,
        -0.8527549843381009,
        0,
        0.3420201433256759,
        0.9117797339616546,
        -0.22733222010154575,
        0,
        0,
        -4,
        0,
        1
      ],
      "children": [
        20,
        21
      ]
    },
    {
      "matrix": [
        3.579399896552299e-16,
        -1.6653345369377348e-16,
        1,
        0,
        0.9999999999999999,
        2.1871208377741527e-17,
        -1.3589538473019852e-16,
        0,
        3.36399428535163e-17,
        1,
        2.220446049250313e-16,
        0,
        -17.25788305726274,
        3.224927464802994e-14,
        -0.24916650328412965,
        1
      ],
      "mesh": 1
    },
    {
      "matrix": [
        0.14140487442497318,
        5.551115123125783e-17,
        -0.9899518480657821,
        0,
        0.9661135205776152,
        0.21813005166126143,
        0.1379998040555891,
        0,
        0.2159382477607501,
        -0.9759197101003009,
        0.030844652563473574,
        0,
        -21.970180027340454,
        3.174470073923311e-14,
        149.67822077477206,
        1
      ],
      "mesh": 2
    },
    {
      "matrix": [
        -0.9076733711903759,
        0.28662746240961057,
        -0.30655138072519955,
        0,
        0.2432103468016954,
        0.9545350449039611,
        0.17237045935656156,
        0,
        0.34202014332564973,
        0.08189960831908952,
        -0.9361168066628665,
        0,
        0,
        -5,
        0,
        1
      ],
      "children": [
        23,
        24
      ]
    },
    {
      "matrix": [
        3.579399896552299e-16,
        -1.6653345369377348e-16,
        1,
        0,
        0.9999999999999999,
        2.1871208377741527e-17,
        -1.3589538473019852e-16,
        0,
        3.36399428535163e-17,
        1,
        2.220446049250313e-16,
        0,
        -17.25788305726274,
        3.224927464802994e-14,
        -0.24916650328412965,
        1
      ],
      "mesh": 1
    },
    {
      "matrix": [
        0.14140487442497318,
        5.551115123125783e-17,
        -0.9899518480657821,
        0,
        0.9661135205776152,
        0.21813005166126143,
        0.1379998040555891,
        0,
        0.2159382477607501,
        -0.9759197101003009,
        0.030844652563473574,
        0,
        -21.970180027340454,
        3.174470073923311e-14,
        149.67822077477206,
        1
      ],
      "mesh": 2
    },
    {
      "matrix": [
        0.29389262614624634,
        -0.7940852594793124,
        0.5320298158698773,
        0,
        -0.4045084971874866,
        0.4009828860223368,
        0.8219401443051182,
        0,
        -0.866025403784429,
        -0.456772728821315,
        -0.2033683215379063,
        0,
        0,
        -6,
        0,
        1
      ],
      "children": [
        26,
        27
      ]
    },
    {
      "matrix": [
        3.579399896552299e-16,
        -1.6653345369377348e-16,
        1,
        0,
        0.9999999999999999,
        2.1871208377741527e-17,
        -1.3589538473019852e-16,
        0,
        3.36399428535163e-17,
        1,
        2.220446049250313e-16,
        0,
        -17.25788305726274,
        3.224927464802994e-14,
        -0.24916650328412965,
        1
      ],
      "mesh": 1
    },
    {
      "matrix": [
        0.14140487442497318,
        5.551115123125783e-17,
        -0.9899518480657821,
        0,
        0.9661135205776152,
        0.21813005166126143,
        0.1379998040555891,
        0,
        0.2159382477607501,
        -0.9759197101003009,
        0.030844652563473574,
        0,
        -21.970180027340454,
        3.174470073923311e-14,
        149.67822077477206,
        1
      ],
      "mesh": 2
    },
    {
      "matrix": [
        -0.009088043428042258,
        -0.6952006278826679,
        -0.7187583004447283,
        0,
        -0.17341019887448955,
        0.7089929123176799,
        -0.683562691499181,
        0,
        0.9848077530122109,
        0.11842777239667646,
        -0.12699823751612072,
        0,
        0,
        -7,
        0,
        1
      ],
      "children": [
        29,
        30
      ]
    },
    {
      "matrix": [
        3.579399896552299e-16,
        -1.6653345369377348e-16,
        1,
        0,
        0.9999999999999999,
        2.1871208377741527e-17,
        -1.3589538473019852e-16,
        0,
        3.36399428535163e-17,
        1,
        2.220446049250313e-16,
        0,
        -17.25788305726274,
        3.224927464802994e-14,
        -0.24916650328412965,
        1
      ],
      "mesh": 1
    },
    {
      "matrix": [
        0.14140487442497318,
        5.551115123125783e-17,
        -0.9899518480657821,
        0,
        0.9661135205776152,
        0.21813005166126143,
        0.1379998040555891,
        0,
        0.2159382477607501,
        -0.9759197101003009,
        0.030844652563473574,
        0,
        -21.970180027340454,
        3.174470073923311e-14,
        149.67822077477206,
        1
      ],
      "mesh": 2
    },
    {
      "matrix": [
        0.5125837827220288,
        0.4542340547063,
        -0.7286489478723278,
        0,
        0.5692819639895736,
        -0.8150664464686455,
        -0.10763239901232721,
        0,
        -0.6427876096865511,
        -0.3596360818745097,
        -0.6763770970748499,
        0,
        0,
        -8,
        0,
        1
      ],
      "children": [
        32,
        33
      ]
    },
    {
      "matrix": [
        3.579399896552299e-16,
        -1.6653345369377348e-16,
        1,
        0,
        0.9999999999999999,
        2.1871208377741527e-17,
        -1.3589538473019852e-16,
        0,
        3.36399428535163e-17,
        1,
        2.220446049250313e-16,
        0,
        -17.25788305726274,
        3.224927464802994e-14,
        -0.24916650328412965,
        1
      ],
      "mesh": 1
    },
    {
      "matrix": [
        0.14140487442497318,
        5.551115123125783e-17,
        -0.9899518480657821,
        0,
        0.9661135205776152,
        0.21813005166126143,
        0.1379998040555891,
        0,
        0.2159382477607501,
        -0.9759197101003009,
        0.030844652563473574,
        0,
        -21.970180027340454,
        3.174470073923311e-14,
        149.67822077477206,
        1
      ],
      "mesh": 2
    },
    {
      "matrix": [
        -0.9876883405951378,
        0.024471741852382087,
        0.15450849718748047,
        0,
        -0.15643446504023112,
        -0.15450849718747994,
        -0.9755282581475758,
        0,
        4.213296378452469e-14,
        -0.9876883405951379,
        0.1564344650402305,
        0,
        0,
        -9,
        0,
        1
      ],
      "children": [
        35,
        36
      ]
    },
    {
      "matrix": [
        3.579399896552299e-16,
        -1.6653345369377348e-16,
        1,
        0,
        0.9999999999999999,
        2.1871208377741527e-17,
        -1.3589538473019852e-16,
        0,
        3.36399428535163e-17,
        1,
        2.220446049250313e-16,
        0,
        -17.25788305726274,
        3.224927464802994e-14,
        -0.24916650328412965,
        1
      ],
      "mesh": 1
    },
    {
      "matrix": [
        0.14140487442497318,
        5.551115123125783e-17,
        -0.9899518480657821,
        0,
        0.9661135205776152,
        0.21813005166126143,
        0.1379998040555891,
        0,
        0.2159382477607501,
        -0.9759197101003009,
        0.030844652563473574,
        0,
        -21.970180027340454,
        3.174470073923311e-14,
        149.67822077477206,
        1
      ],
      "mesh": 2
    },
    {
      "matrix": [
        0.6634139481689613,
        0.5890686768928886,
        -0.4613892361970882,
        0,
        -0.3830222215595015,
        0.797059083427972,
        0.46689484396016345,
        0,
        0.6427876096865084,
        -0.13302222155949286,
        0.7544065067355148,
        0,
        0,
        -10,
        0,
        1
      ],
      "children": [
        38,
        39
      ]
    },
    {
      "matrix": [
        3.579399896552299e-16,
        -1.6653345369377348e-16,
        1,
        0,
        0.9999999999999999,
        2.1871208377741527e-17,
        -1.3589538473019852e-16,
        0,
        3.36399428535163e-17,
        1,
        2.220446049250313e-16,
        0,
        -17.25788305726274,
        3.224927464802994e-14,
        -0.24916650328412965,
        1
      ],
      "mesh": 1
    },
    {
      "matrix": [
        0.14140487442497318,
        5.551115123125783e-17,
        -0.9899518480657821,
        0,
        0.9661135205776152,
        0.21813005166126143,
        0.1379998040555891,
        0,
        0.2159382477607501,
        -0.9759197101003009,
        0.030844652563473574,
        0,
        -21.970180027340454,
        3.174470073923311e-14,
        149.67822077477206,
        1
      ],
      "mesh": 2
    },
    {
      "matrix": [
        -0.06222994137278981,
        -0.7612826509891517,
        0.6454271141652396,
        0,
        0.1621145397667903,
        0.630382717080787,
        0.7591682988653086,
        0,
        -0.9848077530122016,
        0.15187611829637399,
        0.0841863070711909,
        0,
        0,
        -11,
        0,
        1
      ],
      "children": [
        41,
        42
      ]
    },
    {
      "matrix": [
        3.579399896552299e-16,
        -1.6653345369377348e-16,
        1,
        0,
        0.9999999999999999,
        2.1871208377741527e-17,
        -1.3589538473019852e-16,
        0,
        3.36399428535163e-17,
        1,
        2.220446049250313e-16,
        0,
        -17.25788305726274,
        3.224927464802994e-14,
        -0.24916650328412965,
        1
      ],
      "mesh": 1
    },
    {
      "matrix": [
        0.14140487442497318,
        5.551115123125783e-17,
        -0.9899518480657821,
        0,
        0.9661135205776152,
        0.21813005166126143,
        0.1379998040555891,
        0,
        0.2159382477607501,
        -0.9759197101003009,
        0.030844652563473574,
        0,
        -21.970180027340454,
        3.174470073923311e-14,
        149.67822077477206,
        1
      ],
      "mesh": 2
    },
    {
      "matrix": [
        0.1545084971874635,
        -0.43750315620693886,
        -0.8858431647903814,
        0,
        0.47552825814754635,
        0.8188558666826098,
        -0.32147775242251625,
        0,
        0.8660254037844574,
        -0.3715724127386733,
        0.33456530317940747,
        0,
        0,
        -12,
        0,
        1
      ],
      "children": [
        44,
        45
      ]
    },
    {
      "matrix": [
        3.579399896552299e-16,
        -1.6653345369377348e-16,
        1,
        0,
        0.9999999999999999,
        2.1871208377741527e-17,
        -1.3589538473019852e-16,
        0,
        3.36399428535163e-17,
        1,
        2.220446049250313e-16,
        0,
        -17.25788305726274,
        3.224927464802994e-14,
        -0.24916650328412965,
        1
      ],
      "mesh": 1
    },
    {
      "matrix": [
        0.14140487442497318,
        5.551115123125783e-17,
        -0.9899518480657821,
        0,
        0.9661135205776152,
        0.21813005166126143,
        0.1379998040555891,
        0,
        0.2159382477607501,
        -0.9759197101003009,
        0.030844652563473574,
        0,
        -21.970180027340454,
        3.174470073923311e-14,
        149.67822077477206,
        1
      ],
      "mesh": 2
    },
    {
      "matrix": [
        -0.7880925439686315,
        0.3892646877240971,
        -0.4768470876833702,
        0,
        -0.5117932821955723,
        -0.8447847541623361,
        0.15622533544327738,
        0,
        -0.34202014332570213,
        0.3671671581527172,
        0.8649916181868607,
        0,
        0,
        -13,
        0,
        1
      ],
      "children": [
        47,
        48
      ]
    },
    {
      "matrix": [
        3.579399896552299e-16,
        -1.6653345369377348e-16,
        1,
        0,
        0.9999999999999999,
        2.1871208377741527e-17,
        -1.3589538473019852e-16,
        0,
        3.36399428535163e-17,
        1,
        2.220446049250313e-16,
        0,
        -17.25788305726274,
        3.224927464802994e-14,
        -0.24916650328412965,
        1
      ],
      "mesh": 1
    },
    {
      "matrix": [
        0.14140487442497318,
        5.551115123125783e-17,
        -0.9899518480657821,
        0,
        0.9661135205776152,
        0.21813005166126143,
        0.1379998040555891,
        0,
        0.2159382477607501,
        -0.9759197101003009,
        0.030844652563473574,
        0,
        -21.970180027340454,
        3.174470073923311e-14,
        149.67822077477206,
        1
      ],
      "mesh": 2
    },
    {
      "matrix": [
        0.9345448862875935,
        0.3320264043609719,
        -0.12800125905956333,
        0,
        -0.09822462559470467,
        -0.10503809322124646,
        -0.98960543748467,
        0,
        -0.34202014332563685,
        0.9374035767904715,
        -0.06554964362940296,
        0,
        0,
        -14,
        0,
        1
      ],
      "children": [
        50,
        51
      ]
    },
    {
      "matrix": [
        3.579399896552299e-16,
        -1.6653345369377348e-16,
        1,
        0,
        0.9999999999999999,
        2.1871208377741527e-17,
        -1.3589538473019852e-16,
        0,
        3.36399428535163e-17,
        1,
        2.220446049250313e-16,
        0,
        -17.25788305726274,
        3.224927464802994e-14,
        -0.24916650328412965,
        1
      ],
      "mesh": 1
    },
    {
      "matrix": [
        0.14140487442497318,
        5.551115123125783e-17,
        -0.9899518480657821,
        0,
        0.9661135205776152,
        0.21813005166126143,
        0.1379998040555891,
        0,
        0.2159382477607501,
        -0.9759197101003009,
        0.030844652563473574,
        0,
        -21.970180027340454,
        3.174470073923311e-14,
        149.67822077477206,
        1
      ],
      "mesh": 2
    },
    {
      "matrix": [
        -0.3535533905932937,
        0.841506350946106,
        -0.40849364905387986,
        0,
        0.35355339059329305,
        0.5245190528383329,
        0.7745190528383175,
        0,
        0.8660254037844223,
        0.1294095225512678,
        -0.48296291314456097,
        0,
        0,
        -15,
        0,
        1
      ],
      "children": [
        53,
        54
      ]
    },
    {
      "matrix": [
        0.9999999999999999,
        1.1102230246251565e-16,
        0,
        0,
        -1.1102230246251565e-16,
        0.9999999999999999,
        0,
        0,
        0,
        0,
        1,
        0,
        283.73223649382,
        280.1499715529361,
        0,
        1
      ],
      "children": [
        10,
        13,
        16,
        19,
        22,
        25,
        28,
        31,
        34,
        37,
        40,
        43,
        46,
        49,
        52,
        55
      ]
    },
    {
      "matrix": [
        0.9999999999999999,
        1.1102230246251565e-16,
        0,
        0,
        -1.1102230246251565e-16,
        0.9999999999999999,
        0,
        0,
        0,
        0,
        1,
        0,
        -471.4909548957879,
        104.325109516207,
        0,
        1
      ],
      "name": "Group 2",
      "children": [
        4,
        5,
        6,
        7,
        56
      ]
    },
    {
      "matrix": [
        0.2533826866466,
        -0.2319430984005839,
        -0.9391483446251119,
        0,
        0.6752113577133342,
        0.7376243098047379,
        0,
        0,
        0.6927386495083603,
        -0.6341236288685521,
        0.34351184373746424,
        0,
        0,
        0,
        0,
        1
      ],
      "name": "Directional Light 2",
      "extensions": {
        "KHR_lights_punctual": {
          "light": 1
        }
      }
    },
    {
      "matrix": [
        3.579399896552299e-16,
        -1.6653345369377348e-16,
        1,
        0,
        0.9999999999999999,
        2.1871208377741527e-17,
        -1.3589538473019852e-16,
        0,
        3.36399428535163e-17,
        1,
        2.220446049250313e-16,
        0,
        -17.25788305726274,
        3.224927464802994e-14,
        -0.24916650328412965,
        1
      ],
      "name": "Path",
      "mesh": 5
    },
    {
      "matrix": [
        0.14140487442497318,
        5.551115123125783e-17,
        -0.9899518480657821,
        0,
        0.9661135205776152,
        0.21813005166126143,
        0.1379998040555891,
        0,
        0.2159382477607501,
        -0.9759197101003009,
        0.030844652563473574,
        0,
        -21.970180027340383,
        3.3229913088291046e-15,
        149.67822077477206,
        1
      ],
      "name": "Cube",
      "mesh": 6
    },
    {
      "matrix": [
        0.9999999999999999,
        1.1102230246251565e-16,
        0,
        0,
        -1.1102230246251565e-16,
        0.9999999999999999,
        0,
        0,
        0,
        0,
        1,
        0,
        283.73223649382,
        280.1499715529361,
        0,
        1
      ],
      "name": "Group 2",
      "children": [
        59,
        60
      ]
    },
    {
      "matrix": [
        0.9094961648038259,
        0.18255370046460742,
        -0.3734847689716549,
        0,
        -0.19679447441041187,
        0.9804447637891335,
        0,
        0,
        0.3661811860932533,
        0.07349973881007092,
        0.927636312002818,
        0,
        0,
        0,
        0,
        1
      ],
      "name": "Directional Light 2",
      "extensions": {
        "KHR_lights_punctual": {
          "light": 2
        }
      }
    },
    {
      "matrix": [
        3.579399896552299e-16,
        -1.6653345369377348e-16,
        1,
        0,
        0.9999999999999999,
        2.1871208377741527e-17,
        -1.3589538473019852e-16,
        0,
        3.36399428535163e-17,
        1,
        2.220446049250313e-16,
        0,
        -17.25788305726274,
        3.224927464802994e-14,
        -0.24916650328412965,
        1
      ],
      "name": "Path",
      "mesh": 7
    },
    {
      "matrix": [
        0.14140487442497318,
        5.551115123125783e-17,
        -0.9899518480657821,
        0,
        0.9661135205776152,
        0.21813005166126143,
        0.1379998040555891,
        0,
        0.2159382477607501,
        -0.9759197101003009,
        0.030844652563473574,
        0,
        -21.970180027340454,
        3.4537838237054004e-15,
        149.67822077477206,
        1
      ],
      "name": "Cube",
      "mesh": 8
    },
    {
      "matrix": [
        3.579399896552299e-16,
        -1.6653345369377348e-16,
        1,
        0,
        0.9999999999999999,
        2.1871208377741527e-17,
        -1.3589538473019852e-16,
        0,
        3.36399428535163e-17,
        1,
        2.220446049250313e-16,
        0,
        -17.25788305726274,
        3.224927464802994e-14,
        -0.24916650328412965,
        1
      ],
      "mesh": 1
    },
    {
      "matrix": [
        0.14140487442497318,
        5.551115123125783e-17,
        -0.9899518480657821,
        0,
        0.9661135205776152,
        0.21813005166126143,
        0.1379998040555891,
        0,
        0.2159382477607501,
        -0.9759197101003009,
        0.030844652563473574,
        0,
        -21.970180027340454,
        3.174470073923311e-14,
        149.67822077477206,
        1
      ],
      "mesh": 2
    },
    {
      "matrix": [
        0.9999999999999999,
        1.1102230246251565e-16,
        0,
        0,
        -1.1102230246251565e-16,
        0.9999999999999999,
        0,
        0,
        0,
        0,
        1,
        0,
        283.73223649382,
        280.1499715529361,
        0,
        1
      ],
      "children": [
        65,
        66
      ]
    },
    {
      "matrix": [
        0.21604104213952385,
        0.9763842830111865,
        0,
        0,
        -0.9763842830111865,
        0.21604104213952385,
        0,
        0,
        0,
        0,
        1,
        0,
        9.116277364676776,
        617.4437233355341,
        300,
        1
      ]
    },
    {
      "matrix": [
        3.579399896552299e-16,
        -1.6653345369377348e-16,
        1,
        0,
        0.9999999999999999,
        2.1871208377741527e-17,
        -1.3589538473019852e-16,
        0,
        3.36399428535163e-17,
        1,
        2.220446049250313e-16,
        0,
        -17.25788305726274,
        3.224927464802994e-14,
        -0.24916650328412965,
        1
      ],
      "mesh": 1
    },
    {
      "matrix": [
        0.14140487442497318,
        5.551115123125783e-17,
        -0.9899518480657821,
        0,
        0.9661135205776152,
        0.21813005166126143,
        0.1379998040555891,
        0,
        0.2159382477607501,
        -0.9759197101003009,
        0.030844652563473574,
        0,
        -21.970180027340383,
        -3.782436048771897e-15,
        149.67822077477206,
        1
      ],
      "mesh": 2
    },
    {
      "children": [
        67,
        68,
        69,
        70
      ]
    },
    {
      "matrix": [
        3.579399896552299e-16,
        -1.6653345369377348e-16,
        1,
        0,
        0.9999999999999999,
        2.1871208377741527e-17,
        -1.3589538473019852e-16,
        0,
        3.36399428535163e-17,
        1,
        2.220446049250313e-16,
        0,
        -17.25788305726274,
        3.224927464802994e-14,
        -0.24916650328412965,
        1
      ],
      "mesh": 1
    },
    {
      "matrix": [
        0.14140487442497318,
        5.551115123125783e-17,
        -0.9899518480657821,
        0,
        0.9661135205776152,
        0.21813005166126143,
        0.1379998040555891,
        0,
        0.2159382477607501,
        -0.9759197101003009,
        0.030844652563473574,
        0,
        -21.970180027340454,
        3.174470073923311e-14,
        149.67822077477206,
        1
      ],
      "mesh": 2
    },
    {
      "matrix": [
        0.9999999999999999,
        1.1102230246251565e-16,
        0,
        0,
        -1.1102230246251565e-16,
        0.9999999999999999,
        0,
        0,
        0,
        0,
        1,
        0,
        283.73223649382,
        280.1499715529361,
        0,
        1
      ],
      "children": [
        72,
        73
      ]
    },
    {
      "matrix": [
        0.21604104213952385,
        0.9763842830111865,
        0,
        0,
        -0.9763842830111865,
        0.21604104213952385,
        0,
        0,
        0,
        0,
        1,
        0,
        9.116277364676776,
        617.4437233355341,
        300,
        1
      ]
    },
    {
      "matrix": [
        3.579399896552299e-16,
        -1.6653345369377348e-16,
        1,
        0,
        0.9999999999999999,
        2.1871208377741527e-17,
        -1.3589538473019852e-16,
        0,
        3.36399428535163e-17,
        1,
        2.220446049250313e-16,
        0,
        -17.25788305726274,
        3.224927464802994e-14,
        -0.24916650328412965,
        1
      ],
      "mesh": 1
    },
    {
      "matrix": [
        0.14140487442497318,
        5.551115123125783e-17,
        -0.9899518480657821,
        0,
        0.9661135205776152,
        0.21813005166126143,
        0.1379998040555891,
        0,
        0.2159382477607501,
        -0.9759197101003009,
        0.030844652563473574,
        0,
        -21.970180027340383,
        -3.782436048771897e-15,
        149.67822077477206,
        1
      ],
      "mesh": 2
    },
    {
      "matrix": [
        -0.5953283452664697,
        -0.6772108336455335,
        0.43239987062372015,
        0,
        0.4820873885051912,
        0.1294665830949019,
        0.8665045606954278,
        0,
        -0.642787609686538,
        0.7243092507036295,
        0.24939967557840614,
        0,
        0,
        -1,
        0,
        1
      ],
      "children": [
        74,
        75,
        76,
        77
      ]
    },
    {
      "matrix": [
        3.579399896552299e-16,
        -1.6653345369377348e-16,
        1,
        0,
        0.9999999999999999,
        2.1871208377741527e-17,
        -1.3589538473019852e-16,
        0,
        3.36399428535163e-17,
        1,
        2.220446049250313e-16,
        0,
        -17.25788305726274,
        3.224927464802994e-14,
        -0.24916650328412965,
        1
      ],
      "mesh": 1
    },
    {
      "matrix": [
        0.14140487442497318,
        5.551115123125783e-17,
        -0.9899518480657821,
        0,
        0.9661135205776152,
        0.21813005166126143,
        0.1379998040555891,
        0,
        0.2159382477607501,
        -0.9759197101003009,
        0.030844652563473574,
        0,
        -21.970180027340454,
        3.174470073923311e-14,
        149.67822077477206,
        1
      ],
      "mesh": 2
    },
    {
      "matrix": [
        0.9999999999999999,
        1.1102230246251565e-16,
        0,
        0,
        -1.1102230246251565e-16,
        0.9999999999999999,
        0,
        0,
        0,
        0,
        1,
        0,
        283.73223649382,
        280.1499715529361,
        0,
        1
      ],
      "children": [
        79,
        80
      ]
    },
    {
      "matrix": [
        0.21604104213952385,
        0.9763842830111865,
        0,
        0,
        -0.9763842830111865,
        0.21604104213952385,
        0,
        0,
        0,
        0,
        1,
        0,
        9.116277364676776,
        617.4437233355341,
        300,
        1
      ]
    },
    {
      "matrix": [
        3.579399896552299e-16,
        -1.6653345369377348e-16,
        1,
        0,
        0.9999999999999999,
        2.1871208377741527e-17,
        -1.3589538473019852e-16,
        0,
        3.36399428535163e-17,
        1,
        2.220446049250313e-16,
        0,
        -17.25788305726274,
        3.224927464802994e-14,
        -0.24916650328412965,
        1
      ],
      "mesh": 1
    },
    {
      "matrix": [
        0.14140487442497318,
        5.551115123125783e-17,
        -0.9899518480657821,
        0,
        0.9661135205776152,
        0.21813005166126143,
        0.1379998040555891,
        0,
        0.2159382477607501,
        -0.9759197101003009,
        0.030844652563473574,
        0,
        -21.970180027340383,
        -3.782436048771897e-15,
        149.67822077477206,
        1
      ],
      "mesh": 2
    },
    {
      "matrix": [
        0.03610348622615489,
        -0.8968493897914253,
        -0.4408601936136512,
        0,
        -0.1698535483567093,
        0.4292222572301616,
        -0.8870840016643745,
        0,
        0.9848077530122075,
        0.1069084932500367,
        -0.13683663134575497,
        0,
        0,
        -2,
        0,
        1
      ],
      "children": [
        81,
        82,
        83,
        84
      ]
    },
    {
      "matrix": [
        3.579399896552299e-16,
        -1.6653345369377348e-16,
        1,
        0,
        0.9999999999999999,
        2.1871208377741527e-17,
        -1.3589538473019852e-16,
        0,
        3.36399428535163e-17,
        1,
        2.220446049250313e-16,
        0,
        -17.25788305726274,
        3.224927464802994e-14,
        -0.24916650328412965,
        1
      ],
      "mesh": 1
    },
    {
      "matrix": [
        0.14140487442497318,
        5.551115123125783e-17,
        -0.9899518480657821,
        0,
        0.9661135205776152,
        0.21813005166126143,
        0.1379998040555891,
        0,
        0.2159382477607501,
        -0.9759197101003009,
        0.030844652563473574,
        0,
        -21.970180027340454,
        3.174470073923311e-14,
        149.67822077477206,
        1
      ],
      "mesh": 2
    },
    {
      "matrix": [
        0.9999999999999999,
        1.1102230246251565e-16,
        0,
        0,
        -1.1102230246251565e-16,
        0.9999999999999999,
        0,
        0,
        0,
        0,
        1,
        0,
        283.73223649382,
        280.1499715529361,
        0,
        1
      ],
      "children": [
        86,
        87
      ]
    },
    {
      "matrix": [
        0.21604104213952385,
        0.9763842830111865,
        0,
        0,
        -0.9763842830111865,
        0.21604104213952385,
        0,
        0,
        0,
        0,
        1,
        0,
        9.116277364676776,
        617.4437233355341,
        300,
        1
      ]
    },
    {
      "matrix": [
        3.579399896552299e-16,
        -1.6653345369377348e-16,
        1,
        0,
        0.9999999999999999,
        2.1871208377741527e-17,
        -1.3589538473019852e-16,
        0,
        3.36399428535163e-17,
        1,
        2.220446049250313e-16,
        0,
        -17.25788305726274,
        3.224927464802994e-14,
        -0.24916650328412965,
        1
      ],
      "mesh": 1
    },
    {
      "matrix": [
        0.14140487442497318,
        5.551115123125783e-17,
        -0.9899518480657821,
        0,
        0.9661135205776152,
        0.21813005166126143,
        0.1379998040555891,
        0,
        0.2159382477607501,
        -0.9759197101003009,
        0.030844652563473574,
        0,
        -21.970180027340383,
        -3.782436048771897e-15,
        149.67822077477206,
        1
      ],
      "mesh": 2
    },
    {
      "matrix": [
        -0.22699524986976982,
        0.5331266856258582,
        -0.8150147812218794,
        0,
        -0.44550326209417673,
        -0.8010106225625628,
        -0.39988601626636366,
        0,
        -0.8660254037844431,
        0.27231951750750905,
        0.4193352839727055,
        0,
        0,
        -3,
        0,
        1
      ],
      "children": [
        88,
        89,
        90,
        91
      ]
    },
    {
      "matrix": [
        3.579399896552299e-16,
        -1.6653345369377348e-16,
        1,
        0,
        0.9999999999999999,
        2.1871208377741527e-17,
        -1.3589538473019852e-16,
        0,
        3.36399428535163e-17,
        1,
        2.220446049250313e-16,
        0,
        -17.25788305726274,
        3.224927464802994e-14,
        -0.24916650328412965,
        1
      ],
      "mesh": 1
    },
    {
      "matrix": [
        0.14140487442497318,
